10378001 83 71 48
10378002 84 78 100
10378003 86 84 85
10378004 92 90 100
10378005 95 77 87
10378006 93 73 91
10378007 95 77 75
10378008 98 72 100
10378009 99 78 94
10378010 81 75 86
10378011 81 79 56
10378012 84 78 58
10378013 97 74 84
10378014 84 81 85
10378015 91 80 99
10378016 83 76 91
10378017 93 81 83
10378018 97 75 100
10378019 85 80 100
10378020 95 87 95
10378021 88 78 72
10378022 91 72 76
10378023 94 85 56
10378024 93 84 83
10378025 86 78 52
10378026 83 80 100
10378027 86 72 95
10378028 84 83 100
10378029 86 73 71
10378030 86 81 73
10378031 83 94 61
10378032 98 70 86
10378033 89 76 78
10378034 87 72 78
10378035 81 86 68
10378036 90 89 75
10378037 81 89 77
10378038 95 84 96
10378039 81 85 59
10378040 98 75 66
10378041 99 85 100
10378042 99 83 96
10378043 96 99 100
10378044 98 89 84
10378045 85 89 100
10378046 98 86 100
10378047 84 89 100
10378048 95 84 68
10378049 88 80 66
10378050 91 71 97
10378051 86 76 69
10378052 98 75 79
10378053 81 78 94
10378054 94 75 87
10378055 83 76 99
10378056 87 77 100
10378057 85 87 66
10378058 81 85 73
10378059 96 89 60
10378060 96 79 55
10378061 81 71 93
10378062 96 73 91
10378063 93 78 39
10378064 96 83 100
10378065 93 83 100
10378066 98 76 100
10378067 83 77 59
10378068 91 67 100
10378069 94 74 83
10378070 82 85 42
10378071 81 79 97
10378072 81 87 72
10378073 87 70 56
10378074 92 74 93
10378075 83 76 83
10378076 88 68 100
10378077 87 70 86
10378078 99 86 74
10378079 82 76 70
10378080 94 67 55
10378081 94 95 57
10378082 96 77 55
10378083 89 73 81
10378084 82 94 89
10378085 85 90 84
10378086 92 78 100
10378087 95 76 44
10378088 82 82 100
10378089 88 88 90
10378090 84 84 64
10378091 91 94 57
10378092 83 66 88
10378093 82 87 100
10378094 96 89 84
10378095 86 77 67
10378096 100 85 100
10378097 86 85 60
10378098 88 82 51
10378099 93 78 79
10378100 88 79 73
